eval_accuracy = 0.6079387186629527
eval_loss = 1.03317139719024
